0,2380
0,0
0,0
2,0
6,0
12,0
18,0
17,0
3,0
-28,0
-82,0
-157,0
-249,0
-353,0
-465,0
-577,0
-683,0
-774,0
-845,0
-893,0
-919,0
-924,0
-914,0
-889,0
-856,0
-818,0
-781,0
-751,0
-729,0
-716,0
-710,0
-710,0
-716,0
-728,0
-744,0
-759,0
-772,0
-782,0
-790,0
-795,0
-799,0
-801,0
-798,0
-793,0
-787,0
-782,0
-778,0
-775,0
-771,0
-768,0
-767,0
-769,0
-773,0
-777,0
-781,0
-783,0
-785,0
-788,0
-791,0
-793,0
-793,0
-791,0
-790,0
-789,0
-789,0
-789,0
-787,0
-784,0
-781,0
-779,0
-779,0
-779,0
-778,0
-776,0
-775,0
-776,0
-778,0
-779,0
-779,0
-778,0
-776,0
-775,0
-774,0
-773,0
-772,0
-769,0
-767,0
-768,0
-770,0
-773,0
-774,0
-775,0
-775,0
-777,0
-780,0
-782,0
-783,0
-783,0
-783,0
-784,0
-786,0
-787,0
-787,0
-785,0
-783,0
-781,0
-779,0
-776,0
-771,0
-765,0
-758,0
-752,0
-747,0
-740,0
-732,0
-722,0
-712,0
-704,0
-697,0
-690,0
-682,0
-674,0
-665,0
-658,0
-652,0
-645,0
-638,0
-629,0
-622,0
-618,0
-618,0
-619,0
-622,0
-627,0
-635,0
-646,0
-659,0
-674,0
-689,0
-702,0
-717,0
-734,0
-752,0
-770,0
-788,0
-804,0
-821,0
-839,0
-857,0
-873,0
-886,0
-895,0
-901,0
-906,0
-909,0
-910,0
-908,0
-905,0
-901,0
-899,0
-899,0
-899,0
-897,0
-896,0
-894,0
-894,0
-895,0
-895,0
-895,0
-893,0
-892,0
-892,0
-894,0
-895,0
-894,0
-891,0
-889,0
-887,0
-885,0
-883,0
-879,0
-875,0
-870,0
-867,0
-865,0
-863,0
-858,0
-849,0
-838,0
-823,0
-803,0
-772,0
-726,0
-663,0
-579,0
-474,0
-346,0
-194,0
-23,0
160,0
342,0
506,0
635,0
715,0
732,0
676,0
545,0
342,0
82,0
-214,0
-524,0
-824,0
-1091,0
-1311,0
-1469,0
-1559,0
-1582,0
-1544,0
-1459,0
-1342,0
-1209,0
-1072,0
-945,0
-837,0
-757,0
-707,0
-689,0
-696,0
-722,0
-762,0
-809,0
-858,0
-903,0
-939,0
-963,0
-974,0
-973,0
-964,0
-949,0
-930,0
-908,0
-887,0
-869,0
-858,0
-853,0
-853,0
-856,0
-861,0
-868,0
-877,0
-887,0
-896,0
-901,0
-903,0
-904,0
-903,0
-903,0
-900,0
-895,0
-889,0
-883,0
-878,0
-876,0
-873,0
-871,0
-869,0
-868,0
-869,0
-872,0
-875,0
-876,0
-875,0
-874,0
-872,0
-871,0
-868,0
-864,0
-858,0
-853,0
-849,0
-846,0
-844,0
-840,0
-835,0
-830,0
-825,0
-820,0
-815,0
-807,0
-797,0
-787,0
-778,0
-769,0
-759,0
-747,0
-734,0
-719,0
-705,0
-692,0
-679,0
-664,0
-649,0
-634,0
-622,0
-611,0
-600,0
-588,0
-575,0
-561,0
-549,0
-538,0
-527,0
-516,0
-504,0
-493,0
-485,0
-480,0
-475,0
-470,0
-466,0
-462,0
-462,0
-464,0
-467,0
-472,0
-478,0
-488,0
-502,0
-521,0
-541,0
-563,0
-584,0
-606,0
-629,0
-653,0
-675,0
-694,0
-710,0
-726,0
-741,0
-756,0
-770,0
-781,0
-790,0
-799,0
-807,0
-816,0
-824,0
-831,0
-836,0
-842,0
-848,0
-856,0
-862,0
-867,0
-869,0
-871,0
-872,0
-875,0
-876,0
-876,0
-875,0
-875,0
-876,0
-879,0
-882,0
-884,0
-884,0
-884,0
-884,0
-885,0
-885,0
-884,0
-881,0
-878,0
-876,0
-876,0
-875,0
-873,0
-869,0
-865,0
-862,0
-860,0
-858,0
-854,0
-850,0
-846,0
-845,0
-845,0
-845,0
-845,0
-843,0
-843,0
-843,0
-845,0
-846,0
-846,0
-845,0
-845,0
-846,0
-849,0
-851,0
-852,0
-852,0
-852,0
-854,0
-856,0
-859,0
-861,0
-863,0
-866,0
-870,0
-876,0
-882,0
-886,0
-888,0
-890,0
-891,0
-894,0
-895,0
-895,0
-893,0
-892,0
-894,0
-897,0
-901,0
-904,0
-906,0
-908,0
-911,0
-915,0
-918,0
-920,0
-920,0
-920,0
-921,0
-922,0
-924,0
-923,0
-921,0
-919,0
-918,0
-917,0
-917,0
-916,0
-914,0
-913,0
-915,0
-918,0
-921,0
-923,0
-923,0
-923,0
-924,0
-925,0
-926,0
-925,0
-923,0
-922,0
-923,0
-925,0
-927,0
-928,0
-927,0
-926,0
-926,0
-927,0
-927,0
-926,0
-925,0
-924,0
-925,0
-927,0
-930,0
-932,0
-932,0
-933,0
-934,0
-936,0
-937,0
-936,0
-934,0
-933,0
-933,0
-935,0
-936,0
-936,0
-935,0
-934,0
-933,0
-934,0
-934,0
-934,0
-932,0
-932,0
-933,0
-936,0
-939,0
-940,0
-940,0
-939,0
-939,0
-939,0
-938,0
-935,0
-932,0
-930,0
-930,0
-931,0
-934,0
-935,0
-935,0
-935,0
-937,0
-938,0
-939,0
-938,0
-936,0
-934,0
-933,0
-933,0
-934,0
-932,0
-930,0
-927,0
-925,0
-924,0
-923,0
-921,0
-918,0
-916,0
-916,0
-918,0
-920,0
-921,0
-921,0
-921,0
-922,0
-924,0
-924,0
-922,0
-919,0
-915,0
-912,0
-910,0
-908,0
-904,0
-898,0
-892,0
-886,0
-881,0
-874,0
-866,0
-855,0
-845,0
-836,0
-829,0
-821,0
-813,0
-803,0
-793,0
-785,0
-777,0
-770,0
-761,0
-752,0
-745,0
-741,0
-740,0
-741,0
-742,0
-744,0
-747,0
-753,0
-762,0
-771,0
-781,0
-792,0
-806,0
-823,0
-843,0
-863,0
-883,0
-901,0
-918,0
-934,0
-949,0
-961,0
-968,0
-971,0
-973,0
-974,0
-976,0
-976,0
-975,0
-973,0
-971,0
-971,0
-972,0
-973,0
-973,0
-972,0
-971,0
-971,0
-972,0
-972,0
-970,0
-967,0
-962,0
-959,0
-956,0
-953,0
-948,0
-942,0
-937,0
-934,0
-931,0
-929,0
-926,0
-921,0
-916,0
-911,0
-905,0
-896,0
-881,0
-857,0
-821,0
-772,0
-704,0
-612,0
-493,0
-344,0
-171,0
21,0
223,0
422,0
603,0
745,0
829,0
839,0
766,0
607,0
372,0
76,0
-261,0
-615,0
-957,0
-1261,0
-1506,0
-1677,0
-1771,0
-1789,0
-1739,0
-1634,0
-1490,0
-1324,0
-1156,0
-1003,0
-877,0
-783,0
-725,0
-701,0
-710,0
-744,0
-797,0
-857,0
-916,0
-966,0
-1004,0
-1029,0
-1040,0
-1037,0
-1021,0
-997,0
-970,0
-944,0
-922,0
-905,0
-893,0
-887,0
-886,0
-892,0
-902,0
-914,0
-925,0
-934,0
-942,0
-948,0
-953,0
-955,0
-953,0
-948,0
-942,0
-936,0
-932,0
-928,0
-923,0
-919,0
-917,0
-916,0
-918,0
-920,0
-920,0
-919,0
-916,0
-914,0
-912,0
-908,0
-903,0
-896,0
-890,0
-885,0
-882,0
-879,0
-876,0
-871,0
-865,0
-861,0
-857,0
-852,0
-844,0
-836,0
-827,0
-819,0
-812,0
-805,0
-797,0
-787,0
-777,0
-768,0
-759,0
-750,0
-739,0
-727,0
-715,0
-703,0
-693,0
-682,0
-669,0
-655,0
-640,0
-626,0
-614,0
-601,0
-587,0
-572,0
-560,0
-549,0
-542,0
-536,0
-529,0
-524,0
-519,0
-518,0
-519,0
-522,0
-525,0
-529,0
-535,0
-545,0
-558,0
-572,0
-587,0
-602,0
-618,0
-636,0
-655,0
-673,0
-691,0
-706,0
-722,0
-738,0
-755,0
-770,0
-783,0
-793,0
-802,0
-811,0
-820,0
-827,0
-833,0
-836,0
-839,0
-843,0
-847,0
-851,0
-852,0
-852,0
-851,0
-851,0
-851,0
-851,0
-849,0
-847,0
-845,0
-845,0
-847,0
-850,0
-851,0
-852,0
-853,0
-854,0
-856,0
-858,0
-858,0
-856,0
-854,0
-854,0
-854,0
-854,0
-852,0
-848,0
-844,0
-841,0
-838,0
-835,0
-831,0
-826,0
-821,0
-819,0
-820,0
-820,0
-820,0
-819,0
-818,0
-818,0
-820,0
-821,0
-821,0
-820,0
-820,0
-822,0
-825,0
-828,0
-829,0
-829,0
-829,0
-829,0
-830,0
-831,0
-830,0
-828,0
-827,0
-828,0
-831,0
-834,0
-837,0
-839,0
-841,0
-845,0
-850,0
-854,0
-857,0
-858,0
-860,0
-863,0
-867,0
-871,0
-874,0
-875,0
-875,0
-877,0
-879,0
-880,0
-881,0
-880,0
-880,0
-882,0
-886,0
-889,0
-892,0
-893,0
-895,0
-896,0
-899,0
-900,0
-900,0
-898,0
-897,0
-896,0
-897,0
-897,0
-897,0
-895,0
-894,0
-895,0
-896,0
-898,0
-899,0
-899,0
-899,0
-901,0
-904,0
-906,0
-907,0
-907,0
-905,0
-904,0
-904,0
-903,0
-900,0
-897,0
-894,0
-893,0
-894,0
-895,0
-895,0
-894,0
-894,0
-894,0
-895,0
-896,0
-896,0
-894,0
-893,0
-894,0
-896,0
-898,0
-899,0
-899,0
-899,0
-900,0
-902,0
-903,0
-903,0
-901,0
-900,0
-901,0
-903,0
-904,0
-905,0
-904,0
-904,0
-904,0
-905,0
-905,0
-904,0
-902,0
-901,0
-901,0
-903,0
-905,0
-906,0
-906,0
-906,0
-907,0
-909,0
-911,0
-911,0
-909,0
-908,0
-908,0
-909,0
-910,0
-909,0
-907,0
-904,0
-903,0
-903,0
-902,0
-900,0
-897,0
-896,0
-895,0
-897,0
-899,0
-899,0
-897,0
-895,0
-894,0
-893,0
-891,0
-887,0
-881,0
-875,0
-869,0
-865,0
-859,0
-851,0
-840,0
-828,0
-817,0
-805,0
-793,0
-780,0
-766,0
-754,0
-744,0
-737,0
-732,0
-727,0
-723,0
-721,0
-721,0
-725,0
-729,0
-733,0
-737,0
-743,0
-750,0
-759,0
-767,0
-774,0
-780,0
-785,0
-792,0
-800,0
-809,0
-818,0
-827,0
-838,0
-852,0
-867,0
-883,0
-896,0
-908,0
-918,0
-927,0
-936,0
-942,0
-946,0
-947,0
-948,0
-949,0
-951,0
-953,0
-953,0
-952,0
-951,0
-950,0
-950,0
-950,0
-947,0
-943,0
-940,0
-938,0
-937,0
-937,0
-936,0
-933,0
-931,0
-929,0
-929,0
-928,0
-925,0
-921,0
-916,0
-912,0
-909,0
-905,0
-899,0
-890,0
-880,0
-867,0
-849,0
-824,0
-785,0
-731,0
-656,0
-559,0
-437,0
-287,0
-109,0
88,0
295,0
496,0
672,0
806,0
879,0
878,0
792,0
621,0
374,0
71,0
-262,0
-601,0
-920,0
-1194,0
-1408,0
-1548,0
-1612,0
-1604,0
-1536,0
-1426,0
-1289,0
-1142,0
-1000,0
-875,0
-779,0
-716,0
-688,0
-689,0
-714,0
-756,0
-807,0
-863,0
-915,0
-958,0
-987,0
-1000,0
-1001,0
-991,0
-973,0
-950,0
-923,0
-896,0
-874,0
-859,0
-851,0
-850,0
-854,0
-861,0
-871,0
-884,0
-897,0
-909,0
-916,0
-920,0
-921,0
-921,0
-920,0
-917,0
-912,0
-905,0
-898,0
-893,0
-890,0
-887,0
-884,0
-880,0
-878,0
-878,0
-879,0
-880,0
-879,0
-877,0
-874,0
-872,0
-870,0
-867,0
-863,0
-858,0
-853,0
-850,0
-848,0
-847,0
-843,0
-838,0
-832,0
-827,0
-821,0
-814,0
-804,0
-793,0
-781,0
-771,0
-762,0
-753,0
-742,0
-730,0
-717,0
-705,0
-693,0
-681,0
-667,0
-651,0
-636,0
-623,0
-611,0
-599,0
-586,0
-571,0
-555,0
-541,0
-526,0
-511,0
-495,0
-477,0
-461,0
-448,0
-437,0
-429,0
-422,0
-416,0
-413,0
-415,0
-420,0
-427,0
-436,0
-446,0
-459,0
-476,0
-495,0
-516,0
-537,0
-557,0
-577,0
-598,0
-620,0
-640,0
-659,0
-675,0
-692,0
-708,0
-725,0
-741,0
-754,0
-764,0
-773,0
-782,0
-790,0
-798,0
-803,0
-806,0
-809,0
-814,0
-820,0
-825,0
-829,0
-832,0
-834,0
-836,0
-839,0
-841,0
-841,0
-839,0
-837,0
-836,0
-837,0
-837,0
-836,0
-834,0
-832,0
-831,0
-831,0
-830,0
-829,0
-826,0
-825,0
-826,0
-828,0
-830,0
-832,0
-832,0
-831,0
-832,0
-833,0
-833,0
-832,0
-828,0
-826,0
-824,0
-824,0
-824,0
-823,0
-821,0
-819,0
-819,0
-820,0
-820,0
-819,0
-817,0
-816,0
-816,0
-818,0
-820,0
-821,0
-821,0
-821,0
-823,0
-825,0
-827,0
-829,0
-830,0
-831,0
-835,0
-841,0
-846,0
-851,0
-854,0
-856,0
-860,0
-863,0
-866,0
-867,0
-866,0
-866,0
-868,0
-870,0
-873,0
-874,0
-874,0
-874,0
-875,0
-877,0
-879,0
-879,0
-879,0
-879,0
-881,0
-884,0
-887,0
-888,0
-888,0
-888,0
-888,0
-890,0
-890,0
-890,0
-888,0
-887,0
-888,0
-891,0
-894,0
-896,0
-896,0
-897,0
-898,0
-900,0
-901,0
-901,0
-899,0
-898,0
-898,0
-900,0
-901,0
-902,0
-900,0
-899,0
-898,0
-898,0
-898,0
-896,0
-893,0
-890,0
-890,0
-891,0
-893,0
-893,0
-893,0
-892,0
-893,0
-894,0
-895,0
-894,0
-893,0
-892,0
-892,0
-894,0
-896,0
-896,0
-896,0
-895,0
-896,0
-897,0
-897,0
-897,0
-895,0
-894,0
-895,0
-898,0
-900,0
-902,0
-902,0
-902,0
-902,0
-904,0
-904,0
-904,0
-902,0
-901,0
-902,0
-905,0
-908,0
-909,0
-910,0
-911,0
-912,0
-913,0
-914,0
-912,0
-909,0
-906,0
-904,0
-903,0
-902,0
-900,0
-898,0
-896,0
-895,0
-896,0
-897,0
-897,0
-896,0
-896,0
-897,0
-899,0
-901,0
-902,0
-901,0
-899,0
-898,0
-898,0
-897,0
-895,0
-892,0
-890,0
-890,0
-892,0
-894,0
-895,0
-895,0
-895,0
-897,0
-899,0
-900,0
-900,0
-898,0
-897,0
-897,0
-899,0
-900,0
-900,0
-899,0
-898,0
-897,0
-897,0
-896,0
-894,0
-891,0
-888,0
-887,0
-887,0
-888,0
-888,0
-886,0
-885,0
-884,0
-884,0
-883,0
-881,0
-877,0
-874,0
-871,0
-870,0
-868,0
-863,0
-856,0
-848,0
-840,0
-831,0
-820,0
-807,0
-793,0
-780,0
-768,0
-759,0
-751,0
-742,0
-733,0
-725,0
-720,0
-717,0
-716,0
-715,0
-715,0
-718,0
-724,0
-733,0
-743,0
-753,0
-762,0
-771,0
-782,0
-793,0
-805,0
-815,0
-825,0
-837,0
-850,0
-867,0
-883,0
-898,0
-911,0
-923,0
-935,0
-945,0
-953,0
-956,0
-957,0
-956,0
-955,0
-955,0
-954,0
-952,0
-949,0
-946,0
-945,0
-945,0
-946,0
-946,0
-945,0
-944,0
-945,0
-948,0
-950,0
-950,0
-948,0
-945,0
-943,0
-940,0
-936,0
-930,0
-923,0
-915,0
-908,0
-902,0
-896,0
-886,0
-873,0
-854,0
-828,0
-791,0
-737,0
-661,0
-559,0
-432,0
-280,0
-106,0
81,0
273,0
452,0
599,0
695,0
724,0
677,0
552,0
354,0
95,0
-205,0
-524,0
-833,0
-1108,0
-1330,0
-1488,0
-1578,0
-1600,0
-1561,0
-1472,0
-1349,0
-1210,0
-1072,0
-948,0
-846,0
-773,0
-730,0
-717,0
-732,0
-768,0
-815,0
-867,0
-915,0
-958,0
-991,0
-1012,0
-1021,0
-1016,0
-1001,0
-979,0
-956,0
-933,0
-912,0
-894,0
-880,0
-873,0
-873,0
-879,0
-888,0
-898,0
-907,0
-915,0
-922,0
-928,0
-930,0
-928,0
-924,0
-918,0
-913,0
-909,0
-906,0
-902,0
-898,0
-896,0
-895,0
-896,0
-898,0
-898,0
-897,0
-896,0
-896,0
-897,0
-896,0
-894,0
-888,0
-882,0
-876,0
-870,0
-863,0
-855,0
-846,0
-837,0
-831,0
-826,0
-821,0
-816,0
-809,0
-802,0
-796,0
-790,0
-782,0
-773,0
-762,0
-751,0
-741,0
-731,0
-721,0
-709,0
-695,0
-681,0
-668,0
-655,0
-642,0
-627,0
-611,0
-595,0
-582,0
-570,0
-559,0
-546,0
-533,0
-520,0
-509,0
-499,0
-489,0
-479,0
-469,0
-461,0
-457,0
-457,0
-459,0
-462,0
-467,0
-473,0
-483,0
-495,0
-509,0
-523,0
-538,0
-554,0
-574,0
-596,0
-618,0
-640,0
-660,0
-680,0
-700,0
-719,0
-736,0
-750,0
-762,0
-772,0
-782,0
-793,0
-803,0
-811,0
-817,0
-822,0
-827,0
-833,0
-837,0
-839,0
-839,0
-839,0
-840,0
-842,0
-844,0
-844,0
-843,0
-842,0
-842,0
-842,0
-842,0
-839,0
-835,0
-832,0
-830,0
-830,0
-830,0
-830,0
-829,0
-828,0
-828,0
-830,0
-831,0
-830,0
-828,0
-826,0
-825,0
-825,0
-825,0
-823,0
-820,0
-817,0
-815,0
-814,0
-814,0
-812,0
-809,0
-808,0
-809,0
-812,0
-815,0
-817,0
-818,0
-819,0
-820,0
-822,0
-822,0
-820,0
-817,0
-813,0
-811,0
-811,0
-812,0
-812,0
-811,0
-812,0
-814,0
-817,0
-821,0
-824,0
-825,0
-828,0
-832,0
-838,0
-844,0
-848,0
-851,0
-854,0
-857,0
-859,0
-861,0
-860,0
-857,0
-854,0
-853,0
-854,0
-855,0
-855,0
-856,0
-857,0
-859,0
-863,0
-867,0
-869,0
-871,0
-872,0
-874,0
-878,0
-880,0
-882,0
-882,0
-882,0
-882,0
-884,0
-885,0
-885,0
-883,0
-881,0
-881,0
-883,0
-884,0
-884,0
-883,0
-883,0
-883,0
-885,0
-886,0
-886,0
-884,0
-883,0
-883,0
-884,0
-885,0
-885,0
-883,0
-882,0
-881,0
-882,0
-883,0
-882,0
-881,0
-880,0
-882,0
-884,0
-887,0
-889,0
-889,0
-889,0
-890,0
-891,0
-891,0
-889,0
-886,0
-883,0
-881,0
-881,0
-881,0
-881,0
-880,0
-879,0
-879,0
-880,0
-882,0
-881,0
-880,0
-879,0
-880,0
-882,0
-885,0
-885,0
-885,0
-884,0
-884,0
-885,0
-884,0
-882,0
-878,0
-875,0
-873,0
-872,0
-871,0
-870,0
-868,0
-866,0
-865,0
-866,0
-867,0
-866,0
-864,0
-863,0
-863,0
-865,0
-866,0
-865,0
-863,0
-861,0
-859,0
-859,0
-858,0
-855,0
-853,0
-851,0
-851,0
-853,0
-855,0
-856,0
-856,0
-856,0
-855,0
-854,0
-850,0
-843,0
-833,0
-822,0
-812,0
-802,0
-791,0
-779,0
-766,0
-754,0
-743,0
-733,0
-723,0
-713,0
-702,0
-693,0
-688,0
-687,0
-688,0
-691,0
-694,0
-700,0
-708,0
-719,0
-729,0
-740,0
-750,0
-761,0
-776,0
-792,0
-810,0
-827,0
-842,0
-857,0
-871,0
-884,0
-895,0
-903,0
-907,0
-910,0
-912,0
-915,0
-918,0
-918,0
-917,0
-917,0
-917,0
-918,0
-919,0
-918,0
-916,0
-915,0
-915,0
-916,0
-916,0
-916,0
-914,0
-912,0
-911,0
-911,0
-909,0
-906,0
-902,0
-898,0
-896,0
-896,0
-896,0
-894,0
-892,0
-888,0
-886,0
-882,0
-877,0
-868,0
-855,0
-836,0
-811,0
-776,0
-724,0
-650,0
-549,0
-420,0
-263,0
-82,0
115,0
321,0
516,0
680,0
792,0
835,0
797,0
675,0
473,0
201,0
-120,0
-468,0
-812,0
-1126,0
-1387,0
-1581,0
-1700,0
-1744,0
-1716,0
-1628,0
-1495,0
-1337,0
-1171,0
-1014,0
-877,0
-769,0
-694,0
-656,0
-651,0
-675,0
-719,0
-771,0
-826,0
-877,0
-919,0
-949,0
-965,0
-966,0
-954,0
-934,0
-910,0
-887,0
-865,0
-846,0
-832,0
-824,0
-822,0
-827,0
-835,0
-844,0
-852,0
-861,0
-869,0
-877,0
-882,0
-884,0
-882,0
-877,0
-873,0
-868,0
-863,0
-856,0
-849,0
-844,0
-841,0
-842,0
-843,0
-844,0
-844,0
-845,0
-846,0
-847,0
-847,0
-844,0
-839,0
-834,0
-829,0
-826,0
-823,0
-819,0
-814,0
-810,0
-807,0
-805,0
-803,0
-799,0
-794,0
-789,0
-785,0
-781,0
-776,0
-769,0
-760,0
-751,0
-741,0
-732,0
-722,0
-710,0
-697,0
-684,0
-672,0
-661,0
-651,0
-640,0
-628,0
-616,0
-605,0
-595,0
-585,0
-574,0
-563,0
-551,0
-542,0
-534,0
-526,0
-517,0
-507,0
-497,0
-489,0
-481,0
-475,0
-468,0
-461,0
-456,0
-455,0
-457,0
-462,0
-468,0
-474,0
-483,0
-494,0
-508,0
-522,0
-536,0
-550,0
-565,0
-581,0
-600,0
-619,0
-636,0
-652,0
-668,0
-683,0
-699,0
-712,0
-723,0
-731,0
-738,0
-744,0
-752,0
-758,0
-762,0
-763,0
-765,0
-766,0
-768,0
-770,0
-770,0
-768,0
-767,0
-768,0
-770,0
-773,0
-774,0
-774,0
-774,0
-774,0
-775,0
-775,0
-773,0
-769,0
-766,0
-764,0
-763,0
-763,0
-761,0
-759,0
-757,0
-757,0
-757,0
-757,0
-756,0
-754,0
-752,0
-752,0
-753,0
-754,0
-754,0
-752,0
-750,0
-749,0
-749,0
-748,0
-745,0
-742,0
-739,0
-738,0
-738,0
-739,0
-739,0
-739,0
-738,0
-738,0
-739,0
-740,0
-739,0
-737,0
-736,0
-737,0
-739,0
-741,0
-742,0
-743,0
-743,0
-745,0
-747,0
-749,0
-749,0
-748,0
-748,0
-749,0
-752,0
-756,0
-759,0
-761,0
-764,0
-768,0
-773,0
-778,0
-780,0
-782,0
-783,0
-786,0
-789,0
-793,0
-795,0
-796,0
-796,0
-797,0
-799,0
-801,0
-801,0
-799,0
-798,0
-799,0
-801,0
-804,0
-806,0
-807,0
-808,0
-810,0
-814,0
-816,0
-817,0
-817,0
-817,0
-818,0
-822,0
-825,0
-827,0
-829,0
-830,0
-833,0
-836,0
-838,0
-838,0
-837,0
-835,0
-835,0
-837,0
-838,0
-838,0
-837,0
-836,0
-836,0
-837,0
-837,0
-836,0
-834,0
-831,0
-831,0
-831,0
-832,0
-832,0
-831,0
-830,0
-830,0
-831,0
-832,0
-831,0
-829,0
-828,0
-828,0
-829,0
-831,0
-832,0
-832,0
-833,0
-834,0
-836,0
-837,0
-836,0
-834,0
-832,0
-832,0
-834,0
-836,0
-837,0
-837,0
-838,0
-840,0
-843,0
-846,0
-846,0
-845,0
-844,0
-844,0
-845,0
-846,0
-845,0
-843,0
-840,0
-839,0
-838,0
-837,0
-835,0
-832,0
-830,0
-831,0
-833,0
-836,0
-839,0
-840,0
-841,0
-843,0
-845,0
-846,0
-845,0
-842,0
-839,0
-837,0
-836,0
-836,0
-834,0
-830,0
-827,0
-824,0
-820,0
-815,0
-807,0
-797,0
-786,0
-775,0
-764,0
-754,0
-742,0
-729,0
-718,0
-708,0
-701,0
-694,0
-688,0
-681,0
-677,0
-676,0
-678,0
-682,0
-686,0
-690,0
-696,0
-702,0
-710,0
-717,0
-722,0
-726,0
-731,0
-737,0
-746,0
-756,0
-767,0
-778,0
-791,0
-806,0
-822,0
-839,0
-853,0
-864,0
-875,0
-884,0
-893,0
-900,0
-904,0
-904,0
-904,0
-903,0
-902,0
-900,0
-897,0
-892,0
-888,0
-886,0
-886,0
-886,0
-886,0
-884,0
-883,0
-883,0
-883,0
-883,0
-881,0
-878,0
-875,0
-873,0
-872,0
-872,0
-870,0
-866,0
-862,0
-858,0
-854,0
-848,0
-839,0
-826,0
-807,0
-783,0
-750,0
-702,0
-632,0
-538,0
-417,0
-269,0
-96,0
95,0
298,0
495,0
665,0
789,0
848,0
830,0
730,0
551,0
303,0
4,0
-322,0
-646,0
-943,0
-1190,0
-1374,0
-1487,0
-1530,0
-1506,0
-1428,0
-1309,0
-1169,0
-1024,0
-891,0
-778,0
-694,0
-641,0
-620,0
-630,0
-664,0
-713,0
-769,0
-823,0
-871,0
-910,0
-936,0
-947,0
-944,0
-929,0
-907,0
-883,0
-859,0
-838,0
-820,0
-807,0
-800,0
-801,0
-808,0
-818,0
-828,0
-839,0
-848,0
-858,0
-866,0
-871,0
-871,0
-868,0
-862,0
-856,0
-850,0
-844,0
-836,0
-828,0
-822,0
-819,0
-820,0
-821,0
-823,0
-824,0
-825,0
-827,0
-829,0
-829,0
-826,0
-821,0
-815,0
-810,0
-805,0
-801,0
-795,0
-788,0
-782,0
-777,0
-772,0
-767,0
-760,0
-751,0
-742,0
-734,0
-726,0
-718,0
-709,0
-697,0
-685,0
-674,0
-663,0
-652,0
-638,0
-623,0
-608,0
-594,0
-581,0
-567,0
-553,0
-537,0
-521,0
-506,0
-493,0
-479,0
-463,0
-448,0
-433,0
-421,0
-411,0
-403,0
-395,0
-388,0
-383,0
-381,0
-382,0
-385,0
-389,0
-394,0
-402,0
-413,0
-429,0
-446,0
-465,0
-484,0
-505,0
-528,0
-552,0
-576,0
-598,0
-618,0
-637,0
-657,0
-677,0
-695,0
-711,0
-724,0
-737,0
-750,0
-762,0
-773,0
-781,0
-787,0
-792,0
-797,0
-803,0
-809,0
-812,0
-813,0
-813,0
-814,0
-815,0
-814,0
-812,0
-809,0
-806,0
-804,0
-804,0
-805,0
-805,0
-805,0
-805,0
-806,0
-807,0
-808,0
-807,0
-804,0
-801,0
-799,0
-798,0
-798,0
-797,0
-795,0
-793,0
-793,0
-794,0
-794,0
-793,0
-791,0
-788,0
-788,0
-788,0
-789,0
-789,0
-787,0
-786,0
-786,0
-787,0
-787,0
-786,0
-785,0
-783,0
-784,0
-786,0
-788,0
-789,0
-790,0
-790,0
-792,0
-795,0
-798,0
-799,0
-799,0
-799,0
-801,0
-804,0
-808,0
-810,0
-812,0
-814,0
-816,0
-819,0
-821,0
-821,0
-819,0
-817,0
-817,0
-818,0
-820,0
-820,0
-820,0
-821,0
-823,0
-826,0
-829,0
-831,0
-831,0
-832,0
-835,0
-838,0
-842,0
-844,0
-844,0
-845,0
-846,0
-847,0
-848,0
-847,0
-844,0
-843,0
-843,0
-845,0
-847,0
-849,0
-849,0
-851,0
-853,0
-856,0
-859,0
-859,0
-859,0
-858,0
-858,0
-860,0
-861,0
-862,0
-861,0
-860,0
-860,0
-861,0
-861,0
-860,0
-857,0
-855,0
-854,0
-855,0
-856,0
-857,0
-856,0
-856,0
-857,0
-859,0
-860,0
-860,0
-857,0
-855,0
-855,0
-856,0
-857,0
-857,0
-857,0
-857,0
-858,0
-860,0
-862,0
-862,0
-860,0
-859,0
-859,0
-861,0
-862,0
-862,0
-861,0
-860,0
-860,0
-861,0
-861,0
-860,0
-857,0
-856,0
-856,0
-858,0
-860,0
-861,0
-862,0
-862,0
-863,0
-865,0
-866,0
-864,0
-862,0
-859,0
-857,0
-857,0
-857,0
-856,0
-854,0
-852,0
-851,0
-851,0
-851,0
-850,0
-848,0
-846,0
-846,0
-848,0
-850,0
-850,0
-849,0
-849,0
-849,0
-849,0
-849,0
-847,0
-843,0
-840,0
-839,0
-840,0
-841,0
-842,0
-842,0
-843,0
-845,0
-848,0
-850,0
-849,0
-847,0
-845,0
-843,0
-843,0
-842,0
-840,0
-837,0
-834,0
-833,0
-832,0
-830,0
-827,0
-823,0
-818,0
-815,0
-812,0
-808,0
-801,0
-793,0
-782,0
-772,0
-761,0
-749,0
-735,0
-720,0
-706,0
-695,0
-686,0
-680,0
-674,0
-669,0
-667,0
-669,0
-673,0
-679,0
-685,0
-691,0
-698,0
-706,0
-717,0
-727,0
-736,0
-744,0
-753,0
-764,0
-776,0
-790,0
-802,0
-815,0
-828,0
-843,0
-859,0
-874,0
-886,0
-896,0
-903,0
-909,0
-914,0
-916,0
-914,0
-910,0
-905,0
-901,0
-899,0
-897,0
-894,0
-891,0
-889,0
-889,0
-890,0
-890,0
-890,0
-888,0
-886,0
-885,0
-886,0
-886,0
-885,0
-882,0
-879,0
-876,0
-873,0
-870,0
-864,0
-856,0
-847,0
-840,0
-833,0
-825,0
-812,0
-794,0
-767,0
-731,0
-679,0
-608,0
-512,0
-390,0
-243,0
-75,0
107,0
298,0
483,0
645,0
768,0
832,0
826,0
744,0
586,0
362,0
84,0
-225,0
-543,0
-844,0
-1104,0
-1308,0
-1445,0
-1514,0
-1518,0
-1464,0
-1365,0
-1238,0
-1099,0
-964,0
-846,0
-753,0
-688,0
-654,0
-648,0
-669,0
-707,0
-756,0
-806,0
-853,0
-891,0
-921,0
-939,0
-944,0
-938,0
-923,0
-904,0
-883,0
-863,0
-847,0
-833,0
-824,0
-820,0
-822,0
-830,0
-840,0
-851,0
-860,0
-868,0
-874,0
-880,0
-882,0
-880,0
-874,0
-868,0
-862,0
-858,0
-854,0
-850,0
-846,0
-843,0
-843,0
-844,0
-846,0
-847,0
-847,0
-847,0
-847,0
-849,0
-850,0
-849,0
-846,0
-843,0
-841,0
-839,0
-836,0
-831,0
-825,0
-818,0
-813,0
-809,0
-805,0
-800,0
-793,0
-785,0
-779,0
-772,0
-764,0
-754,0
-743,0
-731,0
-720,0
-710,0
-701,0
-691,0
-680,0
-669,0
-659,0
-650,0
-641,0
-630,0
-618,0
-605,0
-594,0
-584,0
-574,0
-562,0
-549,0
-536,0
-523,0
-510,0
-497,0
-482,0
-467,0
-452,0
-440,0
-430,0
-422,0
-415,0
-409,0
-404,0
-403,0
-404,0
-407,0
-411,0
-416,0
-423,0
-435,0
-451,0
-469,0
-488,0
-509,0
-531,0
-555,0
-581,0
-605,0
-628,0
-649,0
-668,0
-688,0
-707,0
-725,0
-739,0
-752,0
-762,0
-773,0
-783,0
-792,0
-798,0
-802,0
-806,0
-811,0
-817,0
-823,0
-827,0
-830,0
-833,0
-835,0
-838,0
-840,0
-840,0
-838,0
-835,0
-834,0
-834,0
-835,0
-834,0
-833,0
-831,0
-831,0
-832,0
-832,0
-830,0
-826,0
-823,0
-821,0
-820,0
-820,0
-818,0
-816,0
-814,0
-813,0
-814,0
-814,0
-813,0
-811,0
-809,0
-809,0
-810,0
-811,0
-811,0
-810,0
-809,0
-809,0
-810,0
-809,0
-807,0
-804,0
-801,0
-799,0
-799,0
-800,0
-800,0
-799,0
-799,0
-800,0
-802,0
-804,0
-803,0
-802,0
-801,0
-801,0
-803,0
-805,0
-807,0
-808,0
-811,0
-815,0
-820,0
-825,0
-829,0
-832,0
-834,0
-838,0
-843,0
-847,0
-850,0
-851,0
-852,0
-854,0
-856,0
-858,0
-858,0
-856,0
-855,0
-856,0
-858,0
-860,0
-861,0
-862,0
-862,0
-864,0
-867,0
-870,0
-870,0
-870,0
-870,0
-871,0
-874,0
-877,0
-879,0
-879,0
-880,0
-881,0
-883,0
-884,0
-884,0
-882,0
-880,0
-880,0
-881,0
-882,0
-883,0
-883,0
-883,0
-885,0
-887,0
-889,0
-889,0
-887,0
-886,0
-887,0
-889,0
-891,0
-892,0
-893,0
-894,0
-896,0
-899,0
-902,0
-903,0
-903,0
-902,0
-903,0
-904,0
-905,0
-905,0
-903,0
-901,0
-900,0
-900,0
-900,0
-898,0
-896,0
-894,0
-894,0
-895,0
-897,0
-898,0
-898,0
-898,0
-898,0
-899,0
-899,0
-898,0
-895,0
-892,0
-891,0
-891,0
-892,0
-892,0
-892,0
-892,0
-893,0
-895,0
-896,0
-895,0
-892,0
-889,0
-887,0
-886,0
-885,0
-882,0
-879,0
-876,0
-875,0
-875,0
-875,0
-873,0
-872,0
-870,0
-871,0
-873,0
-875,0
-875,0
-874,0
-872,0
-869,0
-866,0
-861,0
-852,0
-840,0
-826,0
-813,0
-801,0
-788,0
-774,0
-760,0
-746,0
-734,0
-723,0
-714,0
-705,0
-696,0
-691,0
-689,0
-692,0
-697,0
-703,0
-710,0
-718,0
-727,0
-737,0
-747,0
-755,0
-763,0
-771,0
-783,0
-797,0
-812,0
-827,0
-841,0
-856,0
-871,0
-886,0
-899,0
-909,0
-915,0
-919,0
-923,0
-926,0
-928,0
-928,0
-926,0
-924,0
-924,0
-924,0
-923,0
-922,0
-920,0
-918,0
-918,0
-919,0
-920,0
-920,0
-919,0
-918,0
-918,0
-918,0
-917,0
-913,0
-908,0
-902,0
-898,0
-894,0
-891,0
-886,0
-881,0
-875,0
-871,0
-868,0
-863,0
-853,0
-837,0
-813,0
-777,0
-725,0
-651,0
-550,0
-418,0
-258,0
-75,0
122,0
321,0
506,0
657,0
751,0
772,0
709,0
562,0
339,0
53,0
-272,0
-614,0
-943,0
-1235,0
-1467,0
-1626,0
-1709,0
-1718,0
-1661,0
-1551,0
-1405,0
-1240,0
-1074,0
-925,0
-803,0
-713,0
-659,0
-638,0
-648,0
-683,0
-734,0
-794,0
-851,0
-901,0
-940,0
-966,0
-979,0
-977,0
-963,0
-939,0
-912,0
-885,0
-861,0
-843,0
-829,0
-822,0
-821,0
-826,0
-837,0
-849,0
-861,0
-870,0
-878,0
-885,0
-891,0
-893,0
-892,0
-888,0
-884,0
-880,0
-878,0
-875,0
-872,0
-869,0
-867,0
-867,0
-869,0
-872,0
-873,0
-872,0
-871,0
-871,0
-870,0
-868,0
-863,0
-856,0
-848,0
-842,0
-837,0
-832,0
-826,0
-819,0
-813,0
-808,0
-804,0
-800,0
-793,0
-785,0
-776,0
-768,0
-761,0
-753,0
-744,0
-734,0
-723,0
-713,0
-704,0
-694,0
-682,0
-668,0
-655,0
-644,0
-634,0
-624,0
-613,0
-601,0
-590,0
-579,0
-569,0
-559,0
-547,0
-534,0
-522,0
-511,0
-503,0
-495,0
-488,0
-481,0
-476,0
-475,0
-476,0
-478,0
-482,0
-485,0
-492,0
-501,0
-513,0
-527,0
-542,0
-556,0
-571,0
-588,0
-606,0
-623,0
-638,0
-652,0
-666,0
-680,0
-696,0
-711,0
-724,0
-735,0
-745,0
-755,0
-765,0
-772,0
-777,0
-778,0
-779,0
-781,0
-783,0
-785,0
-786,0
-786,0
-786,0
-788,0
-790,0
-793,0
-794,0
-793,0
-792,0
-793,0
-794,0
-795,0
-795,0
-793,0
-792,0
-791,0
-791,0
-790,0
-789,0
-786,0
-783,0
-783,0
-783,0
-785,0
-785,0
-784,0
-783,0
-783,0
-783,0
-782,0
-778,0
-773,0
-767,0
-763,0
-759,0
-757,0
-753,0
-749,0
-746,0
-745,0
-745,0
-745,0
-743,0
-741,0
-738,0
-738,0
-739,0
-741,0
-742,0
-743,0
-744,0
-747,0
-751,0
-754,0
-756,0
-756,0
-756,0
-757,0
-759,0
-761,0
-761,0
-761,0
-760,0
-760,0
-761,0
-762,0
-761,0
-758,0
-757,0
-757,0
-759,0
-762,0
-764,0
-766,0
-768,0
-772,0
-777,0
-781,0
-784,0
-785,0
-786,0
-788,0
-791,0
-794,0
-796,0
-796,0
-796,0
-797,0
-798,0
-799,0
-798,0
-795,0
-792,0
-791,0
-792,0
-792,0
-792,0
-792,0
-792,0
-793,0
-796,0
-798,0
-799,0
-799,0
-798,0
-800,0
-802,0
-804,0
-806,0
-806,0
-806,0
-807,0
-809,0
-810,0
-810,0
-808,0
-807,0
-807,0
-809,0
-811,0
-812,0
-812,0
-812,0
-813,0
-815,0
-816,0
-814,0
-811,0
-808,0
-807,0
-807,0
-807,0
-807,0
-807,0
-807,0
-809,0
-813,0
-816,0
-818,0
-819,0
-819,0
-821,0
-823,0
-825,0
-826,0
-825,0
-823,0
-822,0
-822,0
-821,0
-818,0
-813,0
-809,0
-806,0
-805,0
-804,0
-803,0
-801,0
-800,0
-801,0
-803,0
-805,0
-805,0
-804,0
-803,0
-804,0
-806,0
-808,0
-809,0
-809,0
-809,0
-810,0
-812,0
-812,0
-810,0
-806,0
-802,0
-799,0
-797,0
-794,0
-789,0
-783,0
-776,0
-769,0
-762,0
-753,0
-741,0
-727,0
-713,0
-700,0
-688,0
-677,0
-666,0
-655,0
-647,0
-641,0
-638,0
-637,0
-637,0
-638,0
-641,0
-647,0
-655,0
-664,0
-672,0
-679,0
-686,0
-695,0
-703,0
-712,0
-720,0
-728,0
-737,0
-750,0
-765,0
-781,0
-796,0
-810,0
-823,0
-836,0
-848,0
-856,0
-861,0
-862,0
-861,0
-859,0
-858,0
-856,0
-852,0
-848,0
-845,0
-844,0
-844,0
-844,0
-843,0
-841,0
-839,0
-839,0
-840,0
-840,0
-838,0
-836,0
-832,0
-830,0
-828,0
-826,0
-822,0
-816,0
-809,0
-804,0
-800,0
-794,0
-786,0
-774,0
-758,0
-735,0
-703,0
-655,0
-586,0
-493,0
-374,0
-228,0
-58,0
131,0
334,0
535,0
717,0
859,0
944,0
959,0
893,0
747,0
525,0
241,0
-82,0
-418,0
-740,0
-1022,0
-1247,0
-1404,0
-1488,0
-1500,0
-1448,0
-1346,0
-1212,0
-1065,0
-921,0
-793,0
-690,0
-617,0
-578,0
-572,0
-593,0
-634,0
-685,0
-738,0
-788,0
-832,0
-865,0
-885,0
-890,0
-882,0
-865,0
-844,0
-821,0
-797,0
-775,0
-757,0
-744,0
-739,0
-741,0
-748,0
-756,0
-765,0
-774,0
-782,0
-789,0
-793,0
-792,0
-788,0
-782,0
-776,0
-771,0
-766,0
-762,0
-757,0
-755,0
-754,0
-756,0
-757,0
-758,0
-757,0
-755,0
-755,0
-755,0
-755,0
-753,0
-749,0
-744,0
-740,0
-736,0
-731,0
-723,0
-714,0
-705,0
-697,0
-690,0
-684,0
-677,0
-669,0
-661,0
-654,0
-648,0
-641,0
-631,0
-620,0
-608,0
-597,0
-586,0
-575,0
-563,0
-549,0
-535,0
-522,0
-510,0
-497,0
-482,0
-467,0
-451,0
-437,0
-425,0
-413,0
-400,0
-388,0
-376,0
-367,0
-359,0
-352,0
-344,0
-335,0
-327,0
-322,0
-319,0
-317,0
-316,0
-316,0
-319,0
-325,0
-334,0
-346,0
-359,0
-373,0
-389,0
-409,0
-432,0
-456,0
-480,0
-503,0
-526,0
-549,0
-573,0
-594,0
-613,0
-628,0
-641,0
-655,0
-668,0
-680,0
-690,0
-698,0
-705,0
-712,0
-720,0
-726,0
-730,0
-731,0
-733,0
-735,0
-738,0
-741,0
-742,0
-743,0
-743,0
-745,0
-747,0
-748,0
-748,0
-746,0
-744,0
-743,0
-744,0
-745,0
-745,0
-745,0
-744,0
-745,0
-746,0
-747,0
-746,0
-743,0
-740,0
-739,0
-739,0
-740,0
-739,0
-737,0
-736,0
-736,0
-737,0
-738,0
-737,0
-735,0
-733,0
-732,0
-733,0
-735,0
-735,0
-735,0
-735,0
-737,0
-739,0
-741,0
-741,0
-739,0
-737,0
-737,0
-737,0
-738,0
-737,0
-736,0
-735,0
-736,0
-738,0
-740,0
-741,0
-741,0
-741,0
-742,0
-745,0
-748,0
-750,0
-751,0
-752,0
-755,0
-758,0
-761,0
-763,0
-764,0
-764,0
-766,0
-770,0
-774,0
-777,0
-779,0
-781,0
-784,0
-788,0
-791,0
-792,0
-791,0
-790,0
-789,0
-789,0
-790,0
-789,0
-787,0
-786,0
-787,0
-788,0
-790,0
-790,0
-788,0
-787,0
-788,0
-789,0
-791,0
-791,0
-791,0
-791,0
-793,0
-796,0
-799,0
-800,0
-800,0
-800,0
-802,0
-805,0
-807,0
-809,0
-809,0
-808,0
-809,0
-811,0
-811,0
-810,0
-807,0
-805,0
-804,0
-805,0
-807,0
-807,0
-808,0
-809,0
-812,0
-816,0
-820,0
-822,0
-822,0
-823,0
-825,0
-828,0
-830,0
-832,0
-833,0
-833,0
-835,0
-837,0
-838,0
-837,0
-835,0
-833,0
-832,0
-833,0
-833,0
-833,0
-832,0
-831,0
-832,0
-834,0
-836,0
-836,0
-835,0
-834,0
-834,0
-836,0
-838,0
-839,0
-840,0
-840,0
-842,0
-844,0
-845,0
-845,0
-843,0
-841,0
-840,0
